#
# Sprite sheet data for Aquela FrameWork.
#
#
# Sprite sheet: Balloons.png (2048 x 4096)
# $TexturePacker:SmartUpdate:6af1e8eea5807b77ae1bc98acb995ff0:6f6f03d902471fc5b4729c00c5ecfe15:d91cf1c459f6b26f2f98c52e9f6c9015$
#

AddPoint/Explode_0000;2;3840;214;254;0.5;0.5
AddPoint/Explode_0001;2;3840;214;254;0.5;0.5
AddPoint/Explode_0002;2;3840;214;254;0.5;0.5
AddPoint/Explode_0003;2;3840;214;254;0.5;0.5
AddPoint/Explode_0004;2;3840;214;254;0.5;0.5
AddPoint/Explode_0005;2;3840;214;254;0.5;0.5
AddPoint/Explode_0006;218;3840;214;254;0.5;0.5
AddPoint/Explode_0007;218;3840;214;254;0.5;0.5
AddPoint/Explode_0008;218;3840;214;254;0.5;0.5
AddPoint/Explode_0009;218;3840;214;254;0.5;0.5
AddPoint/Explode_0010;218;3840;214;254;0.5;0.5
AddPoint/Explode_0011;218;3840;214;254;0.5;0.5
AddPoint/Explode_0012;434;3840;214;254;0.5;0.5
AddPoint/Explode_0013;434;3840;214;254;0.5;0.5
AddPoint/Explode_0014;434;3840;214;254;0.5;0.5
AddPoint/Explode_0015;434;3840;214;254;0.5;0.5
AddPoint/Explode_0016;434;3840;214;254;0.5;0.5
AddPoint/Explode_0017;434;3840;214;254;0.5;0.5
AddPoint/Explode_0018;650;3840;214;254;0.5;0.5
AddPoint/Explode_0019;866;3840;214;254;0.5;0.5
AddPoint/Explode_0020;866;3840;214;254;0.5;0.5
AddPoint/Explode_0021;866;3840;214;254;0.5;0.5
AddPoint/Explode_0022;866;3840;214;254;0.5;0.5
AddPoint/Explode_0023;866;3840;214;254;0.5;0.5
AddPoint/Explode_0024;866;3840;214;254;0.5;0.5
AddPoint/Explode_0025;866;3840;214;254;0.5;0.5
AddPoint/Explode_0026;866;3840;214;254;0.5;0.5
AddPoint/Explode_0027;866;3840;214;254;0.5;0.5
AddPoint/Explode_0028;866;3840;214;254;0.5;0.5
AddPoint/Explode_0029;866;3840;214;254;0.5;0.5
AddPoint/Explode_0030;866;3840;214;254;0.5;0.5
AddPoint/Explode_0031;866;3840;214;254;0.5;0.5
AddPoint/Explode_0032;866;3840;214;254;0.5;0.5
AddPoint/Explode_0033;866;3840;214;254;0.5;0.5
AddPoint/Explode_0034;866;3840;214;254;0.5;0.5
AddPoint/Explode_0035;866;3840;214;254;0.5;0.5
AddPoint/Explode_0036;866;3840;214;254;0.5;0.5
AddPoint/Explode_0037;866;3840;214;254;0.5;0.5
AddPoint/Explode_0038;866;3840;214;254;0.5;0.5
AddPoint/Idle_0000;1082;3840;214;254;0.5;0.5
AddPoint/Idle_0001;1082;3840;214;254;0.5;0.5
AddPoint/Idle_0002;1082;3840;214;254;0.5;0.5
AddPoint/Idle_0003;1082;3840;214;254;0.5;0.5
AddPoint/Idle_0004;1082;3840;214;254;0.5;0.5
AddPoint/Idle_0005;1082;3840;214;254;0.5;0.5
AddPoint/Idle_0006;1298;3840;214;254;0.5;0.5
AddPoint/Idle_0007;1298;3840;214;254;0.5;0.5
AddPoint/Idle_0008;1298;3840;214;254;0.5;0.5
AddPoint/Idle_0009;1298;3840;214;254;0.5;0.5
AddPoint/Idle_0010;1298;3840;214;254;0.5;0.5
AddPoint/Idle_0011;1298;3840;214;254;0.5;0.5
AddPoint/Idle_0012;1514;3840;214;254;0.5;0.5
AddPoint/Idle_0013;1514;3840;214;254;0.5;0.5
AddPoint/Idle_0014;1514;3840;214;254;0.5;0.5
AddPoint/Idle_0015;1514;3840;214;254;0.5;0.5
AddPoint/Idle_0016;1514;3840;214;254;0.5;0.5
AddPoint/Idle_0017;1514;3840;214;254;0.5;0.5
AddPoint/Idle_0018;1730;3840;214;254;0.5;0.5
AddPoint/Idle_0019;1730;3840;214;254;0.5;0.5
AddPoint/Idle_0020;1730;3840;214;254;0.5;0.5
AddPoint/Idle_0021;1730;3840;214;254;0.5;0.5
AddPoint/Idle_0022;1730;3840;214;254;0.5;0.5
AddPoint/Idle_0023;1730;3840;214;254;0.5;0.5
AddPoint/Idle_0024;2;3584;214;254;0.5;0.5
AddPoint/Idle_0025;2;3584;214;254;0.5;0.5
AddPoint/Idle_0026;2;3584;214;254;0.5;0.5
AddPoint/Idle_0027;2;3584;214;254;0.5;0.5
AddPoint/Idle_0028;2;3584;214;254;0.5;0.5
AddPoint/Idle_0029;2;3584;214;254;0.5;0.5
AddPoint/Idle_0030;218;3584;214;254;0.5;0.5
AddPoint/Idle_0031;218;3584;214;254;0.5;0.5
AddPoint/Idle_0032;218;3584;214;254;0.5;0.5
AddPoint/Idle_0033;218;3584;214;254;0.5;0.5
AddPoint/Idle_0034;218;3584;214;254;0.5;0.5
AddPoint/Idle_0035;218;3584;214;254;0.5;0.5
AddPoint/Idle_0036;434;3584;214;254;0.5;0.5
AddPoint/Idle_0037;434;3584;214;254;0.5;0.5
AddPoint/Idle_0038;434;3584;214;254;0.5;0.5
AddPoint/Idle_0039;434;3584;214;254;0.5;0.5
AddPoint/Idle_0040;434;3584;214;254;0.5;0.5
AddPoint/Idle_0041;434;3584;214;254;0.5;0.5
AddPoint/Idle_0042;650;3584;214;254;0.5;0.5
AddPoint/Idle_0043;650;3584;214;254;0.5;0.5
AddPoint/Idle_0044;650;3584;214;254;0.5;0.5
AddPoint/Idle_0045;650;3584;214;254;0.5;0.5
AddPoint/Idle_0046;650;3584;214;254;0.5;0.5
AddPoint/Idle_0047;650;3584;214;254;0.5;0.5
AddPoint/Idle_0048;866;3584;214;254;0.5;0.5
AddPoint/Idle_0049;866;3584;214;254;0.5;0.5
AddPoint/Idle_0050;866;3584;214;254;0.5;0.5
AddPoint/Idle_0051;866;3584;214;254;0.5;0.5
AddPoint/Idle_0052;866;3584;214;254;0.5;0.5
AddPoint/Idle_0053;866;3584;214;254;0.5;0.5
AddPoint/Idle_0054;1298;3840;214;254;0.5;0.5
AddPoint/Idle_0055;1298;3840;214;254;0.5;0.5
AddPoint/Idle_0056;1298;3840;214;254;0.5;0.5
AddPoint/Idle_0057;1298;3840;214;254;0.5;0.5
AddPoint/Idle_0058;1298;3840;214;254;0.5;0.5
AddPoint/Idle_0059;1298;3840;214;254;0.5;0.5
AddTime/Explode_0000;1082;3584;214;254;0.5;0.5
AddTime/Explode_0001;1082;3584;214;254;0.5;0.5
AddTime/Explode_0002;1082;3584;214;254;0.5;0.5
AddTime/Explode_0003;1082;3584;214;254;0.5;0.5
AddTime/Explode_0004;1298;3584;214;254;0.5;0.5
AddTime/Explode_0005;1298;3584;214;254;0.5;0.5
AddTime/Explode_0006;1298;3584;214;254;0.5;0.5
AddTime/Explode_0007;1298;3584;214;254;0.5;0.5
AddTime/Explode_0008;1298;3584;214;254;0.5;0.5
AddTime/Explode_0009;1514;3584;214;254;0.5;0.5
AddTime/Explode_0010;1514;3584;214;254;0.5;0.5
AddTime/Explode_0011;1514;3584;214;254;0.5;0.5
AddTime/Explode_0012;1514;3584;214;254;0.5;0.5
AddTime/Explode_0013;1514;3584;214;254;0.5;0.5
AddTime/Explode_0014;1730;3584;214;254;0.5;0.5
AddTime/Explode_0015;1730;3584;214;254;0.5;0.5
AddTime/Explode_0016;1730;3584;214;254;0.5;0.5
AddTime/Explode_0017;1730;3584;214;254;0.5;0.5
AddTime/Explode_0018;1730;3584;214;254;0.5;0.5
AddTime/Explode_0019;866;3840;214;254;0.5;0.5
AddTime/Explode_0020;866;3840;214;254;0.5;0.5
AddTime/Explode_0021;866;3840;214;254;0.5;0.5
AddTime/Explode_0022;866;3840;214;254;0.5;0.5
AddTime/Explode_0023;866;3840;214;254;0.5;0.5
AddTime/Explode_0024;866;3840;214;254;0.5;0.5
AddTime/Explode_0025;866;3840;214;254;0.5;0.5
AddTime/Explode_0026;866;3840;214;254;0.5;0.5
AddTime/Explode_0027;866;3840;214;254;0.5;0.5
AddTime/Explode_0028;866;3840;214;254;0.5;0.5
AddTime/Explode_0029;866;3840;214;254;0.5;0.5
AddTime/Explode_0030;866;3840;214;254;0.5;0.5
AddTime/Explode_0031;866;3840;214;254;0.5;0.5
AddTime/Explode_0032;866;3840;214;254;0.5;0.5
AddTime/Explode_0033;866;3840;214;254;0.5;0.5
AddTime/Explode_0034;866;3840;214;254;0.5;0.5
AddTime/Explode_0035;866;3840;214;254;0.5;0.5
AddTime/Explode_0036;866;3840;214;254;0.5;0.5
AddTime/Explode_0037;866;3840;214;254;0.5;0.5
AddTime/Explode_0038;866;3840;214;254;0.5;0.5
AddTime/Idle_0000;2;3328;214;254;0.5;0.5
AddTime/Idle_0001;2;3328;214;254;0.5;0.5
AddTime/Idle_0002;2;3328;214;254;0.5;0.5
AddTime/Idle_0003;2;3328;214;254;0.5;0.5
AddTime/Idle_0004;2;3328;214;254;0.5;0.5
AddTime/Idle_0005;2;3328;214;254;0.5;0.5
AddTime/Idle_0006;218;3328;214;254;0.5;0.5
AddTime/Idle_0007;218;3328;214;254;0.5;0.5
AddTime/Idle_0008;218;3328;214;254;0.5;0.5
AddTime/Idle_0009;218;3328;214;254;0.5;0.5
AddTime/Idle_0010;218;3328;214;254;0.5;0.5
AddTime/Idle_0011;218;3328;214;254;0.5;0.5
AddTime/Idle_0012;434;3328;214;254;0.5;0.5
AddTime/Idle_0013;434;3328;214;254;0.5;0.5
AddTime/Idle_0014;434;3328;214;254;0.5;0.5
AddTime/Idle_0015;434;3328;214;254;0.5;0.5
AddTime/Idle_0016;434;3328;214;254;0.5;0.5
AddTime/Idle_0017;434;3328;214;254;0.5;0.5
AddTime/Idle_0018;650;3328;214;254;0.5;0.5
AddTime/Idle_0019;650;3328;214;254;0.5;0.5
AddTime/Idle_0020;650;3328;214;254;0.5;0.5
AddTime/Idle_0021;650;3328;214;254;0.5;0.5
AddTime/Idle_0022;650;3328;214;254;0.5;0.5
AddTime/Idle_0023;650;3328;214;254;0.5;0.5
AddTime/Idle_0024;866;3328;214;254;0.5;0.5
AddTime/Idle_0025;866;3328;214;254;0.5;0.5
AddTime/Idle_0026;866;3328;214;254;0.5;0.5
AddTime/Idle_0027;866;3328;214;254;0.5;0.5
AddTime/Idle_0028;866;3328;214;254;0.5;0.5
AddTime/Idle_0029;866;3328;214;254;0.5;0.5
AddTime/Idle_0030;1082;3328;214;254;0.5;0.5
AddTime/Idle_0031;1082;3328;214;254;0.5;0.5
AddTime/Idle_0032;1082;3328;214;254;0.5;0.5
AddTime/Idle_0033;1082;3328;214;254;0.5;0.5
AddTime/Idle_0034;1082;3328;214;254;0.5;0.5
AddTime/Idle_0035;1082;3328;214;254;0.5;0.5
AddTime/Idle_0036;866;3328;214;254;0.5;0.5
AddTime/Idle_0037;866;3328;214;254;0.5;0.5
AddTime/Idle_0038;866;3328;214;254;0.5;0.5
AddTime/Idle_0039;866;3328;214;254;0.5;0.5
AddTime/Idle_0040;866;3328;214;254;0.5;0.5
AddTime/Idle_0041;866;3328;214;254;0.5;0.5
AddTime/Idle_0042;650;3328;214;254;0.5;0.5
AddTime/Idle_0043;650;3328;214;254;0.5;0.5
AddTime/Idle_0044;650;3328;214;254;0.5;0.5
AddTime/Idle_0045;650;3328;214;254;0.5;0.5
AddTime/Idle_0046;650;3328;214;254;0.5;0.5
AddTime/Idle_0047;650;3328;214;254;0.5;0.5
AddTime/Idle_0048;434;3328;214;254;0.5;0.5
AddTime/Idle_0049;434;3328;214;254;0.5;0.5
AddTime/Idle_0050;434;3328;214;254;0.5;0.5
AddTime/Idle_0051;434;3328;214;254;0.5;0.5
AddTime/Idle_0052;434;3328;214;254;0.5;0.5
AddTime/Idle_0053;434;3328;214;254;0.5;0.5
AddTime/Idle_0054;218;3328;214;254;0.5;0.5
AddTime/Idle_0055;218;3328;214;254;0.5;0.5
AddTime/Idle_0056;218;3328;214;254;0.5;0.5
AddTime/Idle_0057;218;3328;214;254;0.5;0.5
AddTime/Idle_0058;218;3328;214;254;0.5;0.5
AddTime/Idle_0059;218;3328;214;254;0.5;0.5
FastFoward/Explode_0000;1298;3328;214;254;0.5;0.5
FastFoward/Explode_0001;1298;3328;214;254;0.5;0.5
FastFoward/Explode_0002;1298;3328;214;254;0.5;0.5
FastFoward/Explode_0003;1298;3328;214;254;0.5;0.5
FastFoward/Explode_0004;1514;3328;214;254;0.5;0.5
FastFoward/Explode_0005;1514;3328;214;254;0.5;0.5
FastFoward/Explode_0006;1514;3328;214;254;0.5;0.5
FastFoward/Explode_0007;1514;3328;214;254;0.5;0.5
FastFoward/Explode_0008;1514;3328;214;254;0.5;0.5
FastFoward/Explode_0009;1730;3328;214;254;0.5;0.5
FastFoward/Explode_0010;1730;3328;214;254;0.5;0.5
FastFoward/Explode_0011;1730;3328;214;254;0.5;0.5
FastFoward/Explode_0012;1730;3328;214;254;0.5;0.5
FastFoward/Explode_0013;1730;3328;214;254;0.5;0.5
FastFoward/Explode_0014;2;3072;214;254;0.5;0.5
FastFoward/Explode_0015;2;3072;214;254;0.5;0.5
FastFoward/Explode_0016;2;3072;214;254;0.5;0.5
FastFoward/Explode_0017;2;3072;214;254;0.5;0.5
FastFoward/Explode_0018;2;3072;214;254;0.5;0.5
FastFoward/Explode_0019;866;3840;214;254;0.5;0.5
FastFoward/Explode_0020;866;3840;214;254;0.5;0.5
FastFoward/Explode_0021;866;3840;214;254;0.5;0.5
FastFoward/Explode_0022;866;3840;214;254;0.5;0.5
FastFoward/Explode_0023;866;3840;214;254;0.5;0.5
FastFoward/Explode_0024;866;3840;214;254;0.5;0.5
FastFoward/Explode_0025;866;3840;214;254;0.5;0.5
FastFoward/Explode_0026;866;3840;214;254;0.5;0.5
FastFoward/Explode_0027;866;3840;214;254;0.5;0.5
FastFoward/Explode_0028;866;3840;214;254;0.5;0.5
FastFoward/Explode_0029;866;3840;214;254;0.5;0.5
FastFoward/Explode_0030;866;3840;214;254;0.5;0.5
FastFoward/Explode_0031;866;3840;214;254;0.5;0.5
FastFoward/Explode_0032;866;3840;214;254;0.5;0.5
FastFoward/Explode_0033;866;3840;214;254;0.5;0.5
FastFoward/Explode_0034;866;3840;214;254;0.5;0.5
FastFoward/Explode_0035;866;3840;214;254;0.5;0.5
FastFoward/Explode_0036;866;3840;214;254;0.5;0.5
FastFoward/Explode_0037;866;3840;214;254;0.5;0.5
FastFoward/Explode_0038;866;3840;214;254;0.5;0.5
FastFoward/Idle_0000;218;3072;214;254;0.5;0.5
FastFoward/Idle_0001;218;3072;214;254;0.5;0.5
FastFoward/Idle_0002;218;3072;214;254;0.5;0.5
FastFoward/Idle_0003;218;3072;214;254;0.5;0.5
FastFoward/Idle_0004;218;3072;214;254;0.5;0.5
FastFoward/Idle_0005;218;3072;214;254;0.5;0.5
FastFoward/Idle_0006;434;3072;214;254;0.5;0.5
FastFoward/Idle_0007;434;3072;214;254;0.5;0.5
FastFoward/Idle_0008;434;3072;214;254;0.5;0.5
FastFoward/Idle_0009;434;3072;214;254;0.5;0.5
FastFoward/Idle_0010;434;3072;214;254;0.5;0.5
FastFoward/Idle_0011;434;3072;214;254;0.5;0.5
FastFoward/Idle_0012;650;3072;214;254;0.5;0.5
FastFoward/Idle_0013;650;3072;214;254;0.5;0.5
FastFoward/Idle_0014;650;3072;214;254;0.5;0.5
FastFoward/Idle_0015;650;3072;214;254;0.5;0.5
FastFoward/Idle_0016;650;3072;214;254;0.5;0.5
FastFoward/Idle_0017;650;3072;214;254;0.5;0.5
FastFoward/Idle_0018;866;3072;214;254;0.5;0.5
FastFoward/Idle_0019;866;3072;214;254;0.5;0.5
FastFoward/Idle_0020;866;3072;214;254;0.5;0.5
FastFoward/Idle_0021;866;3072;214;254;0.5;0.5
FastFoward/Idle_0022;866;3072;214;254;0.5;0.5
FastFoward/Idle_0023;866;3072;214;254;0.5;0.5
FastFoward/Idle_0024;1082;3072;214;254;0.5;0.5
FastFoward/Idle_0025;1082;3072;214;254;0.5;0.5
FastFoward/Idle_0026;1082;3072;214;254;0.5;0.5
FastFoward/Idle_0027;1082;3072;214;254;0.5;0.5
FastFoward/Idle_0028;1082;3072;214;254;0.5;0.5
FastFoward/Idle_0029;1082;3072;214;254;0.5;0.5
FastFoward/Idle_0030;1298;3072;214;254;0.5;0.5
FastFoward/Idle_0031;1298;3072;214;254;0.5;0.5
FastFoward/Idle_0032;1298;3072;214;254;0.5;0.5
FastFoward/Idle_0033;1298;3072;214;254;0.5;0.5
FastFoward/Idle_0034;1298;3072;214;254;0.5;0.5
FastFoward/Idle_0035;1298;3072;214;254;0.5;0.5
FastFoward/Idle_0036;1082;3072;214;254;0.5;0.5
FastFoward/Idle_0037;1082;3072;214;254;0.5;0.5
FastFoward/Idle_0038;1082;3072;214;254;0.5;0.5
FastFoward/Idle_0039;1082;3072;214;254;0.5;0.5
FastFoward/Idle_0040;1082;3072;214;254;0.5;0.5
FastFoward/Idle_0041;1082;3072;214;254;0.5;0.5
FastFoward/Idle_0042;866;3072;214;254;0.5;0.5
FastFoward/Idle_0043;866;3072;214;254;0.5;0.5
FastFoward/Idle_0044;866;3072;214;254;0.5;0.5
FastFoward/Idle_0045;866;3072;214;254;0.5;0.5
FastFoward/Idle_0046;866;3072;214;254;0.5;0.5
FastFoward/Idle_0047;866;3072;214;254;0.5;0.5
FastFoward/Idle_0048;650;3072;214;254;0.5;0.5
FastFoward/Idle_0049;650;3072;214;254;0.5;0.5
FastFoward/Idle_0050;650;3072;214;254;0.5;0.5
FastFoward/Idle_0051;650;3072;214;254;0.5;0.5
FastFoward/Idle_0052;650;3072;214;254;0.5;0.5
FastFoward/Idle_0053;650;3072;214;254;0.5;0.5
FastFoward/Idle_0054;434;3072;214;254;0.5;0.5
FastFoward/Idle_0055;434;3072;214;254;0.5;0.5
FastFoward/Idle_0056;434;3072;214;254;0.5;0.5
FastFoward/Idle_0057;434;3072;214;254;0.5;0.5
FastFoward/Idle_0058;434;3072;214;254;0.5;0.5
FastFoward/Idle_0059;434;3072;214;254;0.5;0.5
RemovePoint/Explode_0000;1514;3072;214;254;0.5;0.5
RemovePoint/Explode_0001;1514;3072;214;254;0.5;0.5
RemovePoint/Explode_0002;1514;3072;214;254;0.5;0.5
RemovePoint/Explode_0003;1514;3072;214;254;0.5;0.5
RemovePoint/Explode_0004;1730;3072;214;254;0.5;0.5
RemovePoint/Explode_0005;1730;3072;214;254;0.5;0.5
RemovePoint/Explode_0006;1730;3072;214;254;0.5;0.5
RemovePoint/Explode_0007;1730;3072;214;254;0.5;0.5
RemovePoint/Explode_0008;1730;3072;214;254;0.5;0.5
RemovePoint/Explode_0009;2;2816;214;254;0.5;0.5
RemovePoint/Explode_0010;2;2816;214;254;0.5;0.5
RemovePoint/Explode_0011;2;2816;214;254;0.5;0.5
RemovePoint/Explode_0012;2;2816;214;254;0.5;0.5
RemovePoint/Explode_0013;2;2816;214;254;0.5;0.5
RemovePoint/Explode_0014;218;2816;214;254;0.5;0.5
RemovePoint/Explode_0015;218;2816;214;254;0.5;0.5
RemovePoint/Explode_0016;218;2816;214;254;0.5;0.5
RemovePoint/Explode_0017;218;2816;214;254;0.5;0.5
RemovePoint/Explode_0018;218;2816;214;254;0.5;0.5
RemovePoint/Explode_0019;866;3840;214;254;0.5;0.5
RemovePoint/Explode_0020;866;3840;214;254;0.5;0.5
RemovePoint/Explode_0021;866;3840;214;254;0.5;0.5
RemovePoint/Explode_0022;866;3840;214;254;0.5;0.5
RemovePoint/Explode_0023;866;3840;214;254;0.5;0.5
RemovePoint/Explode_0024;866;3840;214;254;0.5;0.5
RemovePoint/Explode_0025;866;3840;214;254;0.5;0.5
RemovePoint/Explode_0026;866;3840;214;254;0.5;0.5
RemovePoint/Explode_0027;866;3840;214;254;0.5;0.5
RemovePoint/Explode_0028;866;3840;214;254;0.5;0.5
RemovePoint/Explode_0029;866;3840;214;254;0.5;0.5
RemovePoint/Explode_0030;866;3840;214;254;0.5;0.5
RemovePoint/Explode_0031;866;3840;214;254;0.5;0.5
RemovePoint/Explode_0032;866;3840;214;254;0.5;0.5
RemovePoint/Explode_0033;866;3840;214;254;0.5;0.5
RemovePoint/Explode_0034;866;3840;214;254;0.5;0.5
RemovePoint/Explode_0035;866;3840;214;254;0.5;0.5
RemovePoint/Explode_0036;866;3840;214;254;0.5;0.5
RemovePoint/Explode_0037;866;3840;214;254;0.5;0.5
RemovePoint/Explode_0038;866;3840;214;254;0.5;0.5
RemovePoint/Idle_0000;434;2816;214;254;0.5;0.5
RemovePoint/Idle_0001;434;2816;214;254;0.5;0.5
RemovePoint/Idle_0002;434;2816;214;254;0.5;0.5
RemovePoint/Idle_0003;434;2816;214;254;0.5;0.5
RemovePoint/Idle_0004;434;2816;214;254;0.5;0.5
RemovePoint/Idle_0005;434;2816;214;254;0.5;0.5
RemovePoint/Idle_0006;650;2816;214;254;0.5;0.5
RemovePoint/Idle_0007;650;2816;214;254;0.5;0.5
RemovePoint/Idle_0008;650;2816;214;254;0.5;0.5
RemovePoint/Idle_0009;650;2816;214;254;0.5;0.5
RemovePoint/Idle_0010;650;2816;214;254;0.5;0.5
RemovePoint/Idle_0011;650;2816;214;254;0.5;0.5
RemovePoint/Idle_0012;866;2816;214;254;0.5;0.5
RemovePoint/Idle_0013;866;2816;214;254;0.5;0.5
RemovePoint/Idle_0014;866;2816;214;254;0.5;0.5
RemovePoint/Idle_0015;866;2816;214;254;0.5;0.5
RemovePoint/Idle_0016;866;2816;214;254;0.5;0.5
RemovePoint/Idle_0017;866;2816;214;254;0.5;0.5
RemovePoint/Idle_0018;1082;2816;214;254;0.5;0.5
RemovePoint/Idle_0019;1082;2816;214;254;0.5;0.5
RemovePoint/Idle_0020;1082;2816;214;254;0.5;0.5
RemovePoint/Idle_0021;1082;2816;214;254;0.5;0.5
RemovePoint/Idle_0022;1082;2816;214;254;0.5;0.5
RemovePoint/Idle_0023;1082;2816;214;254;0.5;0.5
RemovePoint/Idle_0024;1298;2816;214;254;0.5;0.5
RemovePoint/Idle_0025;1298;2816;214;254;0.5;0.5
RemovePoint/Idle_0026;1298;2816;214;254;0.5;0.5
RemovePoint/Idle_0027;1298;2816;214;254;0.5;0.5
RemovePoint/Idle_0028;1298;2816;214;254;0.5;0.5
RemovePoint/Idle_0029;1298;2816;214;254;0.5;0.5
RemovePoint/Idle_0030;1514;2816;214;254;0.5;0.5
RemovePoint/Idle_0031;1514;2816;214;254;0.5;0.5
RemovePoint/Idle_0032;1514;2816;214;254;0.5;0.5
RemovePoint/Idle_0033;1514;2816;214;254;0.5;0.5
RemovePoint/Idle_0034;1514;2816;214;254;0.5;0.5
RemovePoint/Idle_0035;1514;2816;214;254;0.5;0.5
RemovePoint/Idle_0036;1298;2816;214;254;0.5;0.5
RemovePoint/Idle_0037;1298;2816;214;254;0.5;0.5
RemovePoint/Idle_0038;1298;2816;214;254;0.5;0.5
RemovePoint/Idle_0039;1298;2816;214;254;0.5;0.5
RemovePoint/Idle_0040;1298;2816;214;254;0.5;0.5
RemovePoint/Idle_0041;1298;2816;214;254;0.5;0.5
RemovePoint/Idle_0042;1730;2816;214;254;0.5;0.5
RemovePoint/Idle_0043;1730;2816;214;254;0.5;0.5
RemovePoint/Idle_0044;1730;2816;214;254;0.5;0.5
RemovePoint/Idle_0045;1730;2816;214;254;0.5;0.5
RemovePoint/Idle_0046;1730;2816;214;254;0.5;0.5
RemovePoint/Idle_0047;1730;2816;214;254;0.5;0.5
RemovePoint/Idle_0048;2;2560;214;254;0.5;0.5
RemovePoint/Idle_0049;2;2560;214;254;0.5;0.5
RemovePoint/Idle_0050;2;2560;214;254;0.5;0.5
RemovePoint/Idle_0051;2;2560;214;254;0.5;0.5
RemovePoint/Idle_0052;2;2560;214;254;0.5;0.5
RemovePoint/Idle_0053;2;2560;214;254;0.5;0.5
RemovePoint/Idle_0054;218;2560;214;254;0.5;0.5
RemovePoint/Idle_0055;218;2560;214;254;0.5;0.5
RemovePoint/Idle_0056;218;2560;214;254;0.5;0.5
RemovePoint/Idle_0057;218;2560;214;254;0.5;0.5
RemovePoint/Idle_0058;218;2560;214;254;0.5;0.5
RemovePoint/Idle_0059;218;2560;214;254;0.5;0.5
RemoveTime/Explode_0000;434;2560;214;254;0.5;0.5
RemoveTime/Explode_0001;434;2560;214;254;0.5;0.5
RemoveTime/Explode_0002;434;2560;214;254;0.5;0.5
RemoveTime/Explode_0003;434;2560;214;254;0.5;0.5
RemoveTime/Explode_0004;650;2560;214;254;0.5;0.5
RemoveTime/Explode_0005;650;2560;214;254;0.5;0.5
RemoveTime/Explode_0006;650;2560;214;254;0.5;0.5
RemoveTime/Explode_0007;650;2560;214;254;0.5;0.5
RemoveTime/Explode_0008;650;2560;214;254;0.5;0.5
RemoveTime/Explode_0009;866;2560;214;254;0.5;0.5
RemoveTime/Explode_0010;866;2560;214;254;0.5;0.5
RemoveTime/Explode_0011;866;2560;214;254;0.5;0.5
RemoveTime/Explode_0012;866;2560;214;254;0.5;0.5
RemoveTime/Explode_0013;866;2560;214;254;0.5;0.5
RemoveTime/Explode_0014;1082;2560;214;254;0.5;0.5
RemoveTime/Explode_0015;1082;2560;214;254;0.5;0.5
RemoveTime/Explode_0016;1082;2560;214;254;0.5;0.5
RemoveTime/Explode_0017;1082;2560;214;254;0.5;0.5
RemoveTime/Explode_0018;1082;2560;214;254;0.5;0.5
RemoveTime/Explode_0019;866;3840;214;254;0.5;0.5
RemoveTime/Explode_0020;866;3840;214;254;0.5;0.5
RemoveTime/Explode_0021;866;3840;214;254;0.5;0.5
RemoveTime/Explode_0022;866;3840;214;254;0.5;0.5
RemoveTime/Explode_0023;866;3840;214;254;0.5;0.5
RemoveTime/Explode_0024;866;3840;214;254;0.5;0.5
RemoveTime/Explode_0025;866;3840;214;254;0.5;0.5
RemoveTime/Explode_0026;866;3840;214;254;0.5;0.5
RemoveTime/Explode_0027;866;3840;214;254;0.5;0.5
RemoveTime/Explode_0028;866;3840;214;254;0.5;0.5
RemoveTime/Explode_0029;866;3840;214;254;0.5;0.5
RemoveTime/Explode_0030;866;3840;214;254;0.5;0.5
RemoveTime/Explode_0031;866;3840;214;254;0.5;0.5
RemoveTime/Explode_0032;866;3840;214;254;0.5;0.5
RemoveTime/Explode_0033;866;3840;214;254;0.5;0.5
RemoveTime/Explode_0034;866;3840;214;254;0.5;0.5
RemoveTime/Explode_0035;866;3840;214;254;0.5;0.5
RemoveTime/Explode_0036;866;3840;214;254;0.5;0.5
RemoveTime/Explode_0037;866;3840;214;254;0.5;0.5
RemoveTime/Explode_0038;866;3840;214;254;0.5;0.5
RemoveTime/Idle_0000;1298;2560;214;254;0.5;0.5
RemoveTime/Idle_0001;1298;2560;214;254;0.5;0.5
RemoveTime/Idle_0002;1298;2560;214;254;0.5;0.5
RemoveTime/Idle_0003;1298;2560;214;254;0.5;0.5
RemoveTime/Idle_0004;1298;2560;214;254;0.5;0.5
RemoveTime/Idle_0005;1298;2560;214;254;0.5;0.5
RemoveTime/Idle_0006;1514;2560;214;254;0.5;0.5
RemoveTime/Idle_0007;1514;2560;214;254;0.5;0.5
RemoveTime/Idle_0008;1514;2560;214;254;0.5;0.5
RemoveTime/Idle_0009;1514;2560;214;254;0.5;0.5
RemoveTime/Idle_0010;1514;2560;214;254;0.5;0.5
RemoveTime/Idle_0011;1514;2560;214;254;0.5;0.5
RemoveTime/Idle_0012;1730;2560;214;254;0.5;0.5
RemoveTime/Idle_0013;1730;2560;214;254;0.5;0.5
RemoveTime/Idle_0014;1730;2560;214;254;0.5;0.5
RemoveTime/Idle_0015;1730;2560;214;254;0.5;0.5
RemoveTime/Idle_0016;1730;2560;214;254;0.5;0.5
RemoveTime/Idle_0017;1730;2560;214;254;0.5;0.5
RemoveTime/Idle_0018;2;2304;214;254;0.5;0.5
RemoveTime/Idle_0019;2;2304;214;254;0.5;0.5
RemoveTime/Idle_0020;2;2304;214;254;0.5;0.5
RemoveTime/Idle_0021;2;2304;214;254;0.5;0.5
RemoveTime/Idle_0022;2;2304;214;254;0.5;0.5
RemoveTime/Idle_0023;2;2304;214;254;0.5;0.5
RemoveTime/Idle_0024;218;2304;214;254;0.5;0.5
RemoveTime/Idle_0025;218;2304;214;254;0.5;0.5
RemoveTime/Idle_0026;218;2304;214;254;0.5;0.5
RemoveTime/Idle_0027;218;2304;214;254;0.5;0.5
RemoveTime/Idle_0028;218;2304;214;254;0.5;0.5
RemoveTime/Idle_0029;218;2304;214;254;0.5;0.5
RemoveTime/Idle_0030;434;2304;214;254;0.5;0.5
RemoveTime/Idle_0031;434;2304;214;254;0.5;0.5
RemoveTime/Idle_0032;434;2304;214;254;0.5;0.5
RemoveTime/Idle_0033;434;2304;214;254;0.5;0.5
RemoveTime/Idle_0034;434;2304;214;254;0.5;0.5
RemoveTime/Idle_0035;434;2304;214;254;0.5;0.5
RemoveTime/Idle_0036;218;2304;214;254;0.5;0.5
RemoveTime/Idle_0037;218;2304;214;254;0.5;0.5
RemoveTime/Idle_0038;218;2304;214;254;0.5;0.5
RemoveTime/Idle_0039;218;2304;214;254;0.5;0.5
RemoveTime/Idle_0040;218;2304;214;254;0.5;0.5
RemoveTime/Idle_0041;218;2304;214;254;0.5;0.5
RemoveTime/Idle_0042;2;2304;214;254;0.5;0.5
RemoveTime/Idle_0043;2;2304;214;254;0.5;0.5
RemoveTime/Idle_0044;2;2304;214;254;0.5;0.5
RemoveTime/Idle_0045;2;2304;214;254;0.5;0.5
RemoveTime/Idle_0046;2;2304;214;254;0.5;0.5
RemoveTime/Idle_0047;2;2304;214;254;0.5;0.5
RemoveTime/Idle_0048;1730;2560;214;254;0.5;0.5
RemoveTime/Idle_0049;1730;2560;214;254;0.5;0.5
RemoveTime/Idle_0050;1730;2560;214;254;0.5;0.5
RemoveTime/Idle_0051;1730;2560;214;254;0.5;0.5
RemoveTime/Idle_0052;1730;2560;214;254;0.5;0.5
RemoveTime/Idle_0053;1730;2560;214;254;0.5;0.5
RemoveTime/Idle_0054;1514;2560;214;254;0.5;0.5
RemoveTime/Idle_0055;1514;2560;214;254;0.5;0.5
RemoveTime/Idle_0056;1514;2560;214;254;0.5;0.5
RemoveTime/Idle_0057;1514;2560;214;254;0.5;0.5
RemoveTime/Idle_0058;1514;2560;214;254;0.5;0.5
RemoveTime/Idle_0059;1514;2560;214;254;0.5;0.5
SlowMotion/Explode_0000;650;2304;214;254;0.5;0.5
SlowMotion/Explode_0001;650;2304;214;254;0.5;0.5
SlowMotion/Explode_0002;650;2304;214;254;0.5;0.5
SlowMotion/Explode_0003;650;2304;214;254;0.5;0.5
SlowMotion/Explode_0004;866;2304;214;254;0.5;0.5
SlowMotion/Explode_0005;866;2304;214;254;0.5;0.5
SlowMotion/Explode_0006;866;2304;214;254;0.5;0.5
SlowMotion/Explode_0007;866;2304;214;254;0.5;0.5
SlowMotion/Explode_0008;866;2304;214;254;0.5;0.5
SlowMotion/Explode_0009;1082;2304;214;254;0.5;0.5
SlowMotion/Explode_0010;1082;2304;214;254;0.5;0.5
SlowMotion/Explode_0011;1082;2304;214;254;0.5;0.5
SlowMotion/Explode_0012;1082;2304;214;254;0.5;0.5
SlowMotion/Explode_0013;1082;2304;214;254;0.5;0.5
SlowMotion/Explode_0014;1298;2304;214;254;0.5;0.5
SlowMotion/Explode_0015;1298;2304;214;254;0.5;0.5
SlowMotion/Explode_0016;1298;2304;214;254;0.5;0.5
SlowMotion/Explode_0017;1298;2304;214;254;0.5;0.5
SlowMotion/Explode_0018;1298;2304;214;254;0.5;0.5
SlowMotion/Explode_0019;866;3840;214;254;0.5;0.5
SlowMotion/Explode_0020;866;3840;214;254;0.5;0.5
SlowMotion/Explode_0021;866;3840;214;254;0.5;0.5
SlowMotion/Explode_0022;866;3840;214;254;0.5;0.5
SlowMotion/Explode_0023;866;3840;214;254;0.5;0.5
SlowMotion/Explode_0024;866;3840;214;254;0.5;0.5
SlowMotion/Explode_0025;866;3840;214;254;0.5;0.5
SlowMotion/Explode_0026;866;3840;214;254;0.5;0.5
SlowMotion/Explode_0027;866;3840;214;254;0.5;0.5
SlowMotion/Explode_0028;866;3840;214;254;0.5;0.5
SlowMotion/Explode_0029;866;3840;214;254;0.5;0.5
SlowMotion/Explode_0030;866;3840;214;254;0.5;0.5
SlowMotion/Explode_0031;866;3840;214;254;0.5;0.5
SlowMotion/Explode_0032;866;3840;214;254;0.5;0.5
SlowMotion/Explode_0033;866;3840;214;254;0.5;0.5
SlowMotion/Explode_0034;866;3840;214;254;0.5;0.5
SlowMotion/Explode_0035;866;3840;214;254;0.5;0.5
SlowMotion/Explode_0036;866;3840;214;254;0.5;0.5
SlowMotion/Explode_0037;866;3840;214;254;0.5;0.5
SlowMotion/Explode_0038;866;3840;214;254;0.5;0.5
SlowMotion/Idle_0000;1514;2304;214;254;0.5;0.5
SlowMotion/Idle_0001;1514;2304;214;254;0.5;0.5
SlowMotion/Idle_0002;1514;2304;214;254;0.5;0.5
SlowMotion/Idle_0003;1514;2304;214;254;0.5;0.5
SlowMotion/Idle_0004;1514;2304;214;254;0.5;0.5
SlowMotion/Idle_0005;1514;2304;214;254;0.5;0.5
SlowMotion/Idle_0006;1730;2304;214;254;0.5;0.5
SlowMotion/Idle_0007;1730;2304;214;254;0.5;0.5
SlowMotion/Idle_0008;1730;2304;214;254;0.5;0.5
SlowMotion/Idle_0009;1730;2304;214;254;0.5;0.5
SlowMotion/Idle_0010;1730;2304;214;254;0.5;0.5
SlowMotion/Idle_0011;1730;2304;214;254;0.5;0.5
SlowMotion/Idle_0012;2;2048;214;254;0.5;0.5
SlowMotion/Idle_0013;2;2048;214;254;0.5;0.5
SlowMotion/Idle_0014;2;2048;214;254;0.5;0.5
SlowMotion/Idle_0015;2;2048;214;254;0.5;0.5
SlowMotion/Idle_0016;2;2048;214;254;0.5;0.5
SlowMotion/Idle_0017;2;2048;214;254;0.5;0.5
SlowMotion/Idle_0018;218;2048;214;254;0.5;0.5
SlowMotion/Idle_0019;218;2048;214;254;0.5;0.5
SlowMotion/Idle_0020;218;2048;214;254;0.5;0.5
SlowMotion/Idle_0021;218;2048;214;254;0.5;0.5
SlowMotion/Idle_0022;218;2048;214;254;0.5;0.5
SlowMotion/Idle_0023;218;2048;214;254;0.5;0.5
SlowMotion/Idle_0024;434;2048;214;254;0.5;0.5
SlowMotion/Idle_0025;434;2048;214;254;0.5;0.5
SlowMotion/Idle_0026;434;2048;214;254;0.5;0.5
SlowMotion/Idle_0027;434;2048;214;254;0.5;0.5
SlowMotion/Idle_0028;434;2048;214;254;0.5;0.5
SlowMotion/Idle_0029;434;2048;214;254;0.5;0.5
SlowMotion/Idle_0030;650;2048;214;254;0.5;0.5
SlowMotion/Idle_0031;650;2048;214;254;0.5;0.5
SlowMotion/Idle_0032;650;2048;214;254;0.5;0.5
SlowMotion/Idle_0033;650;2048;214;254;0.5;0.5
SlowMotion/Idle_0034;650;2048;214;254;0.5;0.5
SlowMotion/Idle_0035;650;2048;214;254;0.5;0.5
SlowMotion/Idle_0036;866;2048;214;254;0.5;0.5
SlowMotion/Idle_0037;866;2048;214;254;0.5;0.5
SlowMotion/Idle_0038;866;2048;214;254;0.5;0.5
SlowMotion/Idle_0039;866;2048;214;254;0.5;0.5
SlowMotion/Idle_0040;866;2048;214;254;0.5;0.5
SlowMotion/Idle_0041;866;2048;214;254;0.5;0.5
SlowMotion/Idle_0042;1082;2048;214;254;0.5;0.5
SlowMotion/Idle_0043;1082;2048;214;254;0.5;0.5
SlowMotion/Idle_0044;1082;2048;214;254;0.5;0.5
SlowMotion/Idle_0045;1082;2048;214;254;0.5;0.5
SlowMotion/Idle_0046;1082;2048;214;254;0.5;0.5
SlowMotion/Idle_0047;1082;2048;214;254;0.5;0.5
SlowMotion/Idle_0048;2;2048;214;254;0.5;0.5
SlowMotion/Idle_0049;2;2048;214;254;0.5;0.5
SlowMotion/Idle_0050;2;2048;214;254;0.5;0.5
SlowMotion/Idle_0051;2;2048;214;254;0.5;0.5
SlowMotion/Idle_0052;2;2048;214;254;0.5;0.5
SlowMotion/Idle_0053;2;2048;214;254;0.5;0.5
SlowMotion/Idle_0054;1298;2048;214;254;0.5;0.5
SlowMotion/Idle_0055;1298;2048;214;254;0.5;0.5
SlowMotion/Idle_0056;1298;2048;214;254;0.5;0.5
SlowMotion/Idle_0057;1298;2048;214;254;0.5;0.5
SlowMotion/Idle_0058;1298;2048;214;254;0.5;0.5
SlowMotion/Idle_0059;1298;2048;214;254;0.5;0.5